53.54, 27.30
54.12,	27.12
54.54,	26.42
54.30,	26.54
54.06,	26.30
53.36,	27.06
53.00,	27.36
52.48,	28.00
53.30,	28.06
54.12,	28.30
53.48,	29.00
52.06,	23.42
52.06,	23.24
52.36,	24.30
52.42,	25.24
53.46,	26.24
52.48,	26.24
52.12,	25.06
52.18,	26.42
52.06,	26.06
53.42,	23.43
53.12,	24.30
53.36,	24.48
53.54,	25.18
53.36,	25.48
54.24,	25.54
55.12,	30.06
54.48,	29.42
54.18,	29.24
54.30,	30.24
55.48,	30.00
54.54,	28.42
55.30,	28.48
55.48,	28.06
55.24,	27.30
54.54,	27.48
55.06,	26.18
52.24,	31.00
51.48,	30.18
52.18,	29.36
52.00,	29.12
51.48,	28.18
52.12,	27.54
52.36,	28.54
52.54,	30.06
52.54,	30.54
53.54,	30.18
53.30,	29.18
53.30,	31.00
53.24,	32.06
53.06,	29.12
54.18,	31.00